224,
2000200020002030,
0000200020002010,
0000200020002010,
0000200020002010,
0000300030003040,
0000200020002010,
0000201010100040,
0000200020000040,
3030001000100040,
1011201110102010,
1011201110102010,
1110211010102010,
1110211010102010,
1011201110102010,
1011201110202210,
0020002020202040,
0000000000000040,
0020111020211010,
2110102110102040,
0021101120210010,
2111200011112000,
1111112222221020,
2111201011202000,
1111112222221021,
2020212020101010,
4000000000000000,
2010000020001010,
0000000020100000,
1010000020001010,
000000000000000000000000200000100000000010001000,
1010000020001010,
0000000020001010,
1010000030003000,
4000111000001110,
2011102011102011,
1020111020111010,
2011102011102011,
1020300030003011,
2011101020112110,
1021101021101040,
1022101021102011,
2020101020200020,
2010102010201020,
2010102010201010,
2000111020002220,
1021102010001020,
2110102010201020,
2110102220201010,
0000211020111020,
2210101022202000,
0022101020002110,
1000211021101010,
2010001010001010,
2010102000001000,
1010001021101010,
1222101221221010,
0,
0000000000000030,
2210201022102010,
1110201011102010,
2210201022102011,
1111211121112030,
2210201022102010,
1110201011102011,
1111111111111040,
3010001000100011,
1110201011202011,
1110201021102011,
1110202211221122,
1122112210102011,
1110201011202011,
1110201011202110,
0020002020202040,
0,
1020002010202022,
1020002210200022,
1020002010202022,
1020002210002022,
100000200000000000200000100000200000200000101010,
2000300030004000,
3000300040003000,
4000300040003000,
2010221020102010,
2010201012221000,
2010221020102010,
2010221020112210,
2211221122112000,
2111211120004000,
1010001010001010,
2110102210002000,
1010001021101010,
1222101221221010,
1010001010001010,
2110102210002000,
1010001021101040,
0020101020222020,
2010102010102010,
1020101020101010,
2010102010102010,
1020101020101011,
2020101020102010,
2110102110101022,
1000001000001011,
2000002021101011,
2011202110102010,
1020101021102010,
2011202110102010,
1020211121112020,
1010001010001010,
2110102000001000,
2010001011101000,
4000004010111060,
0000000000800030,


