180,
1111,
1234,
2222,
2134,
3333,
3124,
55,
5555,
4020313010203230,
4020323010301040,
1020343040203230,
12421343,
2010243040203230,
1020323040304030,
f0003130b0003230,
dfdd,
1020323040203230,
1020323040304010,
4020313010203230,
4020102040301030,
2030213010203230,
4020323010301030,
b000003040302320,
dfdd,
1020323020103040,
3020323010401020,
1040323010204340,
2030121030232040,
2030104020402040,
3020304030403040,
f2cd,
c0e03210,
4020314020302420,
4020343410002000,
1020341020302120,
1020343410232030,
2030104020401020,
3040203010203040,
4030434010301410,
caf4,
30201011,
0555,
10203044,
0555,
44332011,
0555,
11223044,
0555,
a0b0c0dd,
0555,
f0e0d0cc,
0555,
a3d4f022,
0555,
f2d1f033,
0555,